> gi|5524211|gb|AAD44166.1|
               4              1             51
               8              1             51
              12              1             51
              16              1             51
              20              1             51
              24              1             51
              28              1             51
              32              1             49
              36              1             45
              40              1             41
              44              1             37
              48              1             33
              52              1             29
              56              1             25
              60              1             21
              64              1             17
              68              1             13
               1              2             50
               1              6             46
               1             10             42
               1             14             38
               1             18             34
               1             22             30
               1             26             26
               1             30             22
               1             34             18
               1             38             14
               1             42             10

> gi|5524211|gb|AAD44166.1| Reverse
